[[1.13e-01 9.74e-01 7.29e-01 3.51e-01 7.08e-01 8.00e-01 6.46e-01 4.15e-01
  7.06e-01 2.47e-01 2.56e-01 2.40e-02 9.87e-02 3.00e-01 6.41e-01 3.22e-01
  1.85e-01 9.17e-01 2.71e-01 2.74e-01]
 [9.54e-01 1.27e-01 7.47e-01 5.24e-03 8.57e-01 6.96e-01 5.53e-01 9.35e-01
  5.13e-01 1.78e-01 5.37e-01 2.93e-01 1.06e-02 8.84e-01 6.56e-01 9.42e-01
  7.45e-01 2.67e-01 3.62e-01 5.26e-01]
 [5.47e-01 2.59e-01 1.75e-01 3.61e-01 1.40e-01 3.89e-01 4.72e-01 9.69e-01
  1.46e-01 5.14e-01 5.28e-01 3.05e-01 1.60e-01 5.97e-01 1.04e-01 5.68e-01
  3.86e-01 8.47e-02 5.62e-01 6.48e-01]
 [6.62e-01 1.89e-01 9.54e-01 5.90e-02 8.80e-01 7.84e-01 2.52e-01 9.27e-01
  4.45e-01 3.77e-01 8.94e-01 7.54e-01 7.74e-01 8.79e-01 4.81e-01 3.03e-01
  4.43e-01 5.28e-01 6.08e-01 5.25e-01]
 [9.78e-01 6.02e-01 8.35e-01 8.54e-02 4.88e-01 9.00e-01 9.17e-01 2.17e-01
  4.01e-01 5.45e-01 6.42e-01 4.74e-01 5.64e-01 5.89e-01 3.14e-01 7.58e-01
  8.57e-01 4.76e-01 8.63e-01 6.61e-01]
 [5.50e-01 8.00e-01 3.15e-01 3.88e-02 8.08e-01 7.96e-01 2.80e-01 4.55e-01
  3.98e-01 9.53e-01 3.50e-01 5.94e-02 3.35e-03 6.12e-01 3.45e-01 4.79e-01
  9.83e-01 1.95e-01 3.24e-01 9.77e-01]
 [7.12e-01 7.55e-01 7.97e-02 1.54e-02 1.68e-01 3.86e-02 6.98e-01 5.65e-01
  6.43e-01 1.51e-01 5.15e-01 9.02e-01 1.48e-01 8.00e-01 2.58e-01 8.24e-01
  6.38e-01 4.93e-01 4.92e-01 7.96e-01]
 [8.02e-01 9.76e-02 2.89e-01 1.70e-01 5.28e-01 7.26e-01 8.65e-01 9.36e-01
  2.82e-01 8.29e-01 7.83e-01 1.42e-01 5.89e-01 5.41e-01 2.43e-01 2.93e-01
  6.79e-01 3.52e-01 3.26e-01 6.31e-01]
 [2.20e-02 3.55e-01 2.50e-01 7.51e-01 4.00e-01 3.54e-01 5.47e-01 6.15e-01
  6.77e-01 9.45e-01 6.90e-01 5.90e-02 8.33e-01 7.72e-01 2.53e-01 9.45e-01
  1.73e-01 6.58e-01 8.61e-01 4.31e-01]
 [9.63e-01 8.84e-01 7.28e-01 1.58e-01 8.59e-01 8.68e-01 8.69e-03 3.96e-01
  7.91e-02 8.25e-01 7.97e-01 8.19e-01 4.91e-01 7.72e-01 7.53e-03 4.43e-01
  8.53e-02 6.97e-01 1.90e-01 8.80e-01]
 [8.26e-01 9.58e-01 1.72e-01 7.84e-01 5.39e-01 9.72e-01 5.99e-01 1.24e-01
  6.68e-01 4.02e-01 5.49e-01 4.88e-01 5.66e-01 4.93e-01 9.36e-01 3.63e-01
  9.92e-01 4.78e-01 4.74e-01 3.68e-01]
 [5.14e-01 1.38e-01 2.50e-01 4.49e-01 9.19e-01 6.89e-01 2.82e-01 9.14e-01
  1.92e-01 9.77e-01 5.19e-01 7.32e-01 4.53e-01 2.17e-01 7.19e-01 1.92e-02
  9.75e-01 3.13e-02 1.11e-01 8.50e-01]
 [9.71e-01 2.08e-01 7.89e-01 3.85e-01 1.24e-01 6.99e-01 9.91e-01 4.45e-01
  1.57e-01 3.55e-02 6.22e-01 2.66e-01 6.42e-01 1.38e-01 9.18e-01 9.60e-01
  1.01e-01 8.52e-01 8.11e-02 2.84e-01]
 [8.12e-01 9.69e-01 8.70e-01 3.26e-01 3.11e-01 3.62e-01 1.43e-01 2.08e-01
  9.55e-01 2.21e-01 6.85e-01 2.65e-04 4.70e-01 3.02e-01 5.10e-01 1.02e-01
  2.81e-01 7.10e-01 8.23e-01 5.90e-01]
 [2.55e-01 4.60e-01 7.57e-01 5.34e-01 4.43e-02 8.86e-01 6.26e-01 5.81e-01
  1.80e-01 4.00e-01 8.84e-01 7.80e-01 2.49e-01 9.23e-01 8.19e-01 9.97e-01
  8.01e-01 2.54e-01 9.26e-01 2.42e-01]
 [6.40e-01 4.21e-01 1.53e-01 6.01e-01 9.56e-01 8.04e-01 4.26e-01 2.10e-01
  9.02e-01 4.04e-02 6.68e-01 4.77e-01 2.45e-01 5.37e-01 9.44e-01 5.48e-01
  1.63e-01 8.32e-01 8.28e-01 9.51e-01]
 [2.97e-01 5.56e-01 9.81e-01 3.74e-02 7.96e-01 5.75e-01 4.67e-01 6.08e-01
  3.97e-04 6.49e-01 6.35e-01 5.87e-01 7.82e-01 6.44e-02 3.99e-01 3.70e-01
  3.89e-01 2.25e-01 1.90e-01 6.33e-01]
 [1.72e-01 7.72e-01 9.66e-01 9.19e-01 6.83e-01 3.32e-01 1.70e-01 8.49e-01
  8.15e-02 8.85e-01 1.88e-01 5.80e-01 8.86e-01 4.71e-01 9.60e-01 7.24e-01
  4.35e-01 2.86e-01 9.03e-01 2.50e-01]
 [9.01e-02 1.38e-01 4.91e-01 3.87e-01 1.61e-01 9.00e-01 4.05e-01 4.07e-01
  9.32e-01 9.67e-01 2.18e-01 6.04e-01 9.01e-01 3.07e-01 1.49e-01 9.94e-01
  4.65e-02 6.94e-01 3.08e-01 5.19e-02]
 [7.06e-01 2.95e-01 6.52e-01 3.80e-01 7.15e-01 2.14e-01 5.94e-01 9.43e-01
  9.58e-01 4.74e-01 6.79e-01 7.07e-01 9.80e-01 8.17e-01 4.09e-01 2.28e-01
  8.91e-01 1.87e-01 4.00e-01 6.55e-02]]
0.6267999999999933
[[0.11 0.96 0.72 0.36 0.7  0.79 0.64 0.41 0.7  0.26 0.27 0.03 0.11 0.31
  0.63 0.32 0.18 0.91 0.28 0.28]
 [0.94 0.14 0.74 0.02 0.85 0.69 0.56 0.93 0.52 0.19 0.55 0.3  0.02 0.87
  0.65 0.93 0.73 0.28 0.37 0.54]
 [0.56 0.27 0.18 0.37 0.15 0.4  0.48 0.96 0.16 0.52 0.54 0.32 0.17 0.6
  0.11 0.58 0.4  0.09 0.57 0.64]
 [0.65 0.2  0.94 0.07 0.87 0.77 0.26 0.92 0.45 0.39 0.88 0.74 0.76 0.87
  0.49 0.31 0.45 0.54 0.61 0.53]
 [0.97 0.61 0.83 0.1  0.5  0.89 0.91 0.23 0.41 0.56 0.63 0.48 0.57 0.59
  0.32 0.75 0.85 0.49 0.85 0.65]
 [0.54 0.79 0.32 0.05 0.8  0.79 0.29 0.47 0.41 0.94 0.36 0.07 0.01 0.61
  0.36 0.49 0.97 0.2  0.33 0.97]
 [0.7  0.74 0.09 0.03 0.18 0.05 0.69 0.57 0.63 0.16 0.52 0.89 0.16 0.79
  0.27 0.81 0.63 0.5  0.5  0.79]
 [0.79 0.11 0.3  0.18 0.54 0.72 0.85 0.93 0.28 0.82 0.77 0.15 0.59 0.55
  0.25 0.3  0.67 0.36 0.34 0.63]
 [0.03 0.37 0.26 0.74 0.41 0.36 0.56 0.62 0.67 0.94 0.68 0.07 0.82 0.76
  0.26 0.93 0.18 0.65 0.85 0.43]
 [0.95 0.87 0.72 0.15 0.85 0.86 0.02 0.41 0.09 0.81 0.79 0.81 0.5  0.76
  0.02 0.45 0.1  0.69 0.2  0.87]
 [0.82 0.95 0.18 0.77 0.53 0.96 0.6  0.13 0.66 0.41 0.56 0.5  0.58 0.5
  0.93 0.37 0.98 0.49 0.48 0.38]
 [0.52 0.15 0.26 0.46 0.91 0.68 0.29 0.9  0.2  0.97 0.53 0.72 0.46 0.23
  0.71 0.03 0.97 0.04 0.12 0.84]
 [0.96 0.22 0.78 0.39 0.13 0.69 0.98 0.46 0.17 0.05 0.62 0.28 0.63 0.15
  0.91 0.95 0.11 0.84 0.09 0.29]
 [0.8  0.96 0.86 0.34 0.32 0.37 0.15 0.22 0.94 0.23 0.68 0.01 0.48 0.31
  0.52 0.11 0.29 0.7  0.81 0.59]
 [0.26 0.47 0.75 0.54 0.05 0.88 0.63 0.59 0.19 0.41 0.87 0.77 0.26 0.91
  0.81 0.99 0.79 0.25 0.92 0.25]
 [0.63 0.43 0.16 0.6  0.95 0.79 0.44 0.22 0.89 0.05 0.66 0.49 0.26 0.55
  0.93 0.56 0.17 0.82 0.82 0.94]
 [0.31 0.57 0.97 0.04 0.79 0.58 0.48 0.61 0.01 0.64 0.63 0.59 0.77 0.07
  0.41 0.38 0.4  0.24 0.2  0.63]
 [0.18 0.76 0.96 0.91 0.67 0.34 0.18 0.84 0.09 0.87 0.2  0.59 0.88 0.48
  0.95 0.71 0.44 0.3  0.89 0.26]
 [0.1  0.15 0.5  0.4  0.17 0.89 0.41 0.42 0.92 0.96 0.23 0.61 0.89 0.32
  0.16 0.98 0.06 0.68 0.31 0.06]
 [0.7  0.3  0.64 0.39 0.7  0.22 0.6  0.93 0.95 0.47 0.67 0.7  0.97 0.81
  0.42 0.24 0.88 0.19 0.41 0.07]]
